planeta3: .word 100, 100
.byte 199, 199, 199, 199, 199, 199, 199, 199, 199, 199, 199, 199, 199, 199, 199, 199, 199, 199, 199, 199, 199, 199, 199, 199, 199, 199, 199, 199, 199, 199, 199, 199, 199, 199, 199, 207, 176, 176, 184, 176, 184, 184, 176, 176, 176, 176, 176, 176, 176, 176, 176, 176, 176, 176, 176, 176, 176, 176, 176, 176, 176, 176, 168, 141, 199, 199, 199, 199, 199, 199, 199, 199, 199, 199, 199, 199, 199, 199, 199, 199, 199, 199, 199, 199, 199, 199, 199, 199, 199, 199, 199, 199, 199, 199, 199, 199, 199, 199, 199, 199, 
199, 199, 199, 199, 199, 199, 199, 199, 199, 199, 199, 199, 199, 199, 199, 199, 199, 199, 199, 199, 199, 199, 199, 199, 199, 199, 199, 199, 199, 199, 199, 199, 199, 199, 199, 207, 176, 176, 184, 184, 184, 184, 184, 184, 176, 176, 176, 176, 184, 184, 184, 184, 184, 184, 184, 184, 184, 184, 184, 184, 176, 176, 168, 149, 199, 199, 199, 199, 199, 199, 199, 199, 199, 199, 199, 199, 199, 199, 199, 199, 199, 199, 199, 199, 199, 199, 199, 199, 199, 199, 199, 199, 199, 199, 199, 199, 199, 199, 199, 199, 
199, 199, 199, 199, 199, 199, 199, 199, 199, 199, 199, 199, 199, 199, 199, 199, 199, 199, 199, 199, 199, 199, 199, 199, 199, 199, 199, 199, 199, 199, 199, 199, 199, 199, 199, 207, 184, 176, 184, 184, 184, 184, 184, 184, 184, 184, 184, 184, 184, 184, 184, 184, 184, 184, 248, 248, 248, 248, 248, 248, 248, 248, 168, 149, 199, 199, 199, 199, 199, 199, 199, 199, 199, 199, 199, 199, 199, 199, 199, 199, 199, 199, 199, 199, 199, 199, 199, 199, 199, 199, 199, 199, 199, 199, 199, 199, 199, 199, 199, 199, 
199, 199, 199, 199, 199, 199, 199, 199, 199, 199, 199, 199, 199, 199, 199, 199, 199, 199, 199, 199, 199, 199, 199, 199, 199, 199, 199, 199, 199, 199, 199, 199, 199, 199, 199, 207, 176, 176, 184, 184, 184, 184, 184, 184, 184, 184, 184, 184, 184, 184, 184, 176, 176, 176, 240, 240, 248, 248, 248, 248, 240, 240, 168, 141, 199, 199, 199, 199, 199, 199, 199, 199, 199, 199, 199, 199, 199, 199, 199, 199, 199, 199, 199, 199, 199, 199, 199, 199, 199, 199, 199, 199, 199, 199, 199, 199, 199, 199, 199, 199, 
199, 199, 199, 199, 199, 199, 199, 199, 199, 199, 199, 199, 199, 199, 199, 199, 199, 199, 199, 199, 199, 199, 199, 199, 199, 199, 199, 207, 215, 214, 214, 214, 214, 214, 214, 221, 176, 176, 184, 184, 184, 184, 184, 184, 184, 184, 184, 184, 184, 184, 184, 176, 176, 176, 240, 240, 240, 240, 240, 240, 240, 240, 168, 228, 214, 214, 214, 214, 214, 215, 207, 199, 199, 199, 199, 199, 199, 199, 199, 199, 199, 199, 199, 199, 199, 199, 199, 199, 199, 199, 199, 199, 199, 199, 199, 199, 199, 199, 199, 199, 
199, 199, 199, 199, 199, 199, 199, 199, 199, 199, 199, 199, 199, 199, 199, 199, 199, 199, 199, 199, 199, 199, 199, 199, 199, 199, 199, 162, 176, 184, 184, 248, 184, 184, 184, 184, 184, 184, 184, 184, 248, 184, 184, 184, 184, 184, 184, 184, 184, 184, 184, 184, 184, 184, 240, 240, 240, 240, 240, 240, 240, 240, 248, 248, 248, 184, 184, 184, 184, 184, 176, 199, 199, 199, 199, 199, 199, 199, 199, 199, 199, 199, 199, 199, 199, 199, 199, 199, 199, 199, 199, 199, 199, 199, 199, 199, 199, 199, 199, 199, 
199, 199, 199, 199, 199, 199, 199, 199, 199, 199, 199, 199, 199, 199, 199, 199, 199, 199, 199, 199, 199, 199, 199, 199, 199, 199, 199, 163, 176, 184, 176, 184, 248, 184, 184, 184, 184, 184, 176, 176, 184, 184, 184, 184, 184, 184, 184, 184, 184, 184, 184, 184, 184, 184, 240, 240, 240, 240, 240, 240, 240, 240, 240, 240, 248, 184, 184, 184, 184, 176, 177, 199, 199, 199, 199, 199, 199, 199, 199, 199, 199, 199, 199, 199, 199, 199, 199, 199, 199, 199, 199, 199, 199, 199, 199, 199, 199, 199, 199, 199, 
199, 199, 199, 199, 199, 199, 199, 199, 199, 199, 199, 199, 199, 199, 199, 199, 199, 199, 199, 199, 199, 199, 199, 199, 199, 199, 199, 160, 248, 248, 248, 248, 240, 248, 248, 248, 248, 240, 240, 240, 240, 240, 240, 240, 248, 184, 184, 184, 184, 184, 184, 184, 184, 184, 248, 240, 240, 240, 240, 240, 240, 240, 240, 240, 240, 248, 248, 248, 248, 248, 240, 199, 199, 199, 199, 199, 199, 199, 199, 199, 199, 199, 199, 199, 199, 199, 199, 199, 199, 199, 199, 199, 199, 199, 199, 199, 199, 199, 199, 199, 
199, 199, 199, 199, 199, 199, 199, 199, 199, 199, 199, 199, 199, 199, 199, 199, 199, 199, 199, 199, 97, 97, 97, 97, 160, 160, 160, 176, 248, 248, 248, 248, 240, 240, 184, 184, 240, 176, 240, 240, 240, 240, 240, 240, 248, 184, 184, 184, 184, 184, 184, 184, 184, 184, 248, 240, 240, 240, 240, 240, 240, 240, 240, 240, 248, 248, 248, 248, 184, 248, 240, 199, 199, 199, 199, 199, 199, 199, 199, 199, 199, 199, 199, 199, 199, 199, 199, 199, 199, 199, 199, 199, 199, 199, 199, 199, 199, 199, 199, 199, 
199, 199, 199, 199, 199, 199, 199, 199, 199, 199, 199, 199, 199, 199, 199, 199, 199, 199, 199, 207, 184, 184, 184, 184, 184, 248, 248, 248, 240, 240, 240, 240, 240, 240, 240, 240, 240, 240, 240, 240, 240, 240, 240, 240, 240, 248, 184, 184, 184, 184, 184, 184, 184, 184, 240, 240, 240, 240, 240, 240, 240, 240, 240, 240, 248, 248, 184, 176, 240, 240, 248, 184, 248, 184, 184, 248, 184, 176, 214, 199, 199, 199, 199, 199, 199, 199, 199, 199, 199, 199, 199, 199, 199, 199, 199, 199, 199, 199, 199, 199, 
199, 199, 199, 199, 199, 199, 199, 199, 199, 199, 199, 199, 199, 199, 199, 199, 199, 199, 199, 207, 184, 184, 184, 184, 184, 176, 176, 176, 248, 248, 240, 240, 240, 240, 240, 240, 240, 240, 240, 240, 240, 240, 240, 240, 248, 248, 184, 184, 184, 184, 184, 184, 184, 184, 240, 240, 240, 240, 240, 240, 240, 240, 240, 240, 248, 248, 184, 248, 248, 176, 184, 184, 184, 176, 176, 176, 176, 176, 215, 199, 199, 199, 199, 199, 199, 199, 199, 199, 199, 199, 199, 199, 199, 199, 199, 199, 199, 199, 199, 199, 
199, 199, 199, 199, 199, 199, 199, 199, 199, 199, 199, 199, 199, 199, 199, 199, 199, 199, 199, 207, 184, 184, 184, 184, 184, 184, 248, 248, 248, 248, 248, 240, 240, 240, 240, 240, 240, 240, 240, 240, 240, 240, 240, 240, 240, 240, 240, 248, 184, 184, 184, 184, 184, 248, 248, 240, 240, 240, 240, 240, 240, 240, 240, 248, 184, 184, 184, 184, 184, 184, 184, 184, 248, 184, 248, 248, 184, 184, 214, 199, 199, 199, 199, 199, 199, 199, 199, 199, 199, 199, 199, 199, 199, 199, 199, 199, 199, 199, 199, 199, 
199, 199, 199, 199, 199, 199, 199, 199, 199, 199, 199, 199, 199, 199, 199, 214, 164, 236, 171, 169, 248, 184, 184, 184, 184, 184, 248, 176, 176, 240, 240, 176, 176, 232, 232, 232, 232, 232, 240, 240, 240, 240, 240, 240, 240, 240, 176, 176, 184, 184, 184, 184, 184, 248, 248, 240, 240, 240, 240, 240, 240, 240, 240, 248, 248, 184, 184, 184, 184, 184, 184, 248, 184, 248, 248, 248, 184, 176, 176, 171, 171, 172, 222, 199, 199, 199, 199, 199, 199, 199, 199, 199, 199, 199, 199, 199, 199, 199, 199, 199, 
199, 199, 199, 199, 199, 199, 199, 199, 199, 199, 199, 199, 199, 199, 199, 222, 176, 176, 184, 184, 184, 184, 184, 184, 248, 184, 248, 240, 240, 240, 240, 240, 168, 232, 232, 232, 232, 168, 168, 168, 232, 232, 232, 240, 240, 240, 240, 240, 248, 184, 184, 184, 184, 184, 184, 248, 248, 184, 184, 184, 184, 184, 184, 184, 184, 184, 184, 248, 248, 248, 184, 184, 184, 184, 184, 184, 248, 248, 184, 184, 176, 176, 229, 199, 199, 199, 199, 199, 199, 199, 199, 199, 199, 199, 199, 199, 199, 199, 199, 199, 
199, 199, 199, 199, 199, 199, 199, 199, 199, 199, 199, 199, 199, 199, 199, 221, 184, 184, 184, 184, 184, 184, 184, 184, 248, 248, 240, 240, 240, 240, 240, 232, 232, 232, 232, 232, 168, 168, 168, 168, 232, 232, 232, 240, 240, 240, 240, 240, 248, 184, 184, 184, 184, 184, 184, 184, 184, 184, 184, 184, 184, 184, 184, 184, 184, 184, 248, 248, 248, 248, 248, 184, 184, 184, 184, 184, 184, 184, 184, 184, 184, 176, 165, 199, 199, 199, 199, 199, 199, 199, 199, 199, 199, 199, 199, 199, 199, 199, 199, 199, 
199, 199, 199, 199, 199, 199, 199, 199, 199, 199, 199, 199, 199, 199, 199, 222, 184, 184, 184, 184, 184, 184, 184, 184, 248, 248, 248, 240, 240, 240, 240, 232, 232, 232, 232, 232, 168, 168, 168, 168, 168, 232, 232, 240, 240, 240, 240, 240, 184, 184, 184, 184, 184, 184, 184, 184, 184, 184, 184, 184, 184, 184, 184, 184, 184, 248, 248, 248, 240, 240, 240, 240, 240, 240, 248, 248, 248, 248, 248, 248, 248, 176, 228, 199, 199, 199, 199, 199, 199, 199, 199, 199, 199, 199, 199, 199, 199, 199, 199, 199, 
199, 199, 199, 199, 199, 199, 199, 199, 199, 199, 199, 150, 222, 230, 221, 170, 184, 184, 184, 184, 184, 184, 248, 184, 248, 248, 248, 240, 240, 240, 240, 232, 232, 232, 232, 232, 168, 168, 168, 168, 168, 232, 232, 240, 240, 240, 240, 240, 184, 184, 184, 184, 184, 184, 184, 184, 184, 184, 184, 184, 184, 184, 184, 184, 184, 248, 248, 240, 240, 240, 240, 240, 240, 240, 240, 240, 240, 240, 240, 240, 176, 176, 242, 221, 229, 229, 149, 199, 199, 199, 199, 199, 199, 199, 199, 199, 199, 199, 199, 199, 
199, 199, 199, 199, 199, 199, 199, 199, 199, 199, 199, 162, 176, 184, 176, 176, 184, 184, 184, 184, 184, 248, 248, 248, 248, 248, 240, 240, 240, 240, 240, 232, 232, 232, 232, 232, 168, 168, 168, 168, 168, 232, 232, 240, 240, 240, 240, 240, 184, 184, 184, 184, 184, 184, 184, 184, 184, 184, 184, 184, 184, 184, 184, 184, 248, 248, 240, 240, 240, 240, 240, 240, 240, 240, 240, 240, 240, 240, 240, 248, 240, 240, 248, 176, 176, 184, 176, 199, 199, 199, 199, 199, 199, 199, 199, 199, 199, 199, 199, 199, 
199, 199, 199, 199, 199, 199, 199, 199, 199, 199, 199, 162, 176, 184, 176, 248, 184, 184, 184, 184, 248, 248, 248, 248, 248, 248, 248, 240, 240, 240, 240, 232, 232, 232, 232, 232, 168, 168, 168, 168, 168, 168, 232, 240, 240, 240, 240, 240, 184, 184, 184, 184, 184, 184, 184, 184, 184, 184, 184, 184, 184, 184, 184, 248, 248, 248, 240, 240, 240, 240, 240, 240, 240, 240, 240, 240, 240, 240, 240, 248, 248, 248, 240, 176, 248, 176, 176, 199, 199, 199, 199, 199, 199, 199, 199, 199, 199, 199, 199, 199, 
199, 199, 199, 199, 199, 199, 199, 199, 199, 199, 199, 162, 184, 184, 184, 176, 176, 184, 184, 184, 248, 248, 248, 248, 248, 248, 248, 240, 240, 240, 240, 240, 232, 232, 232, 232, 232, 168, 168, 168, 168, 168, 232, 240, 240, 240, 240, 240, 184, 184, 184, 184, 184, 184, 184, 184, 184, 184, 184, 184, 184, 184, 184, 240, 248, 240, 240, 240, 240, 240, 240, 240, 240, 240, 240, 240, 240, 240, 240, 240, 248, 248, 248, 248, 248, 176, 176, 199, 199, 199, 199, 199, 199, 199, 199, 199, 199, 199, 199, 199, 
199, 199, 199, 199, 199, 199, 199, 199, 207, 215, 215, 168, 184, 184, 184, 240, 248, 184, 184, 184, 184, 184, 184, 184, 248, 248, 248, 240, 240, 240, 240, 240, 240, 240, 240, 240, 232, 232, 168, 232, 232, 232, 232, 240, 240, 240, 240, 240, 184, 184, 184, 184, 184, 184, 184, 184, 184, 184, 184, 184, 184, 248, 240, 240, 240, 240, 240, 240, 232, 232, 232, 232, 232, 232, 240, 240, 240, 240, 240, 240, 240, 240, 240, 248, 248, 248, 176, 214, 214, 215, 206, 199, 199, 199, 199, 199, 199, 199, 199, 199, 
199, 199, 199, 199, 199, 199, 199, 199, 176, 176, 176, 176, 184, 184, 184, 240, 248, 184, 184, 184, 184, 184, 184, 184, 248, 248, 248, 240, 240, 240, 240, 240, 240, 240, 240, 240, 232, 232, 168, 232, 232, 232, 232, 240, 240, 240, 240, 240, 184, 184, 184, 184, 184, 184, 184, 184, 184, 184, 184, 184, 184, 248, 176, 240, 240, 240, 240, 232, 232, 232, 232, 232, 232, 232, 232, 240, 240, 240, 240, 240, 240, 240, 240, 248, 248, 184, 176, 184, 176, 184, 168, 199, 199, 199, 199, 199, 199, 199, 199, 199, 
199, 199, 199, 199, 199, 199, 199, 199, 184, 184, 184, 184, 184, 184, 184, 240, 184, 184, 184, 184, 184, 184, 184, 184, 184, 248, 248, 240, 240, 240, 240, 240, 240, 240, 240, 240, 232, 232, 232, 232, 232, 232, 232, 240, 240, 240, 240, 248, 248, 248, 184, 184, 184, 184, 184, 184, 184, 184, 184, 184, 248, 248, 240, 240, 240, 240, 240, 232, 232, 232, 232, 232, 232, 232, 232, 240, 240, 240, 240, 240, 240, 240, 240, 240, 248, 184, 184, 184, 248, 184, 168, 199, 199, 199, 199, 199, 199, 199, 199, 199, 
199, 199, 199, 199, 199, 199, 199, 199, 184, 184, 184, 184, 184, 184, 184, 184, 184, 184, 184, 184, 184, 184, 184, 184, 184, 248, 248, 240, 240, 240, 240, 240, 240, 240, 240, 240, 232, 232, 232, 232, 232, 232, 232, 240, 240, 240, 240, 248, 248, 184, 184, 184, 184, 184, 184, 184, 184, 184, 184, 184, 248, 248, 248, 240, 240, 240, 240, 232, 232, 232, 232, 232, 168, 168, 232, 240, 240, 240, 240, 240, 240, 240, 240, 240, 248, 184, 184, 248, 248, 248, 168, 199, 199, 199, 199, 199, 199, 199, 199, 199, 
199, 199, 199, 199, 199, 199, 199, 199, 184, 184, 184, 184, 184, 184, 184, 184, 184, 184, 184, 184, 184, 184, 184, 184, 184, 248, 248, 248, 240, 240, 240, 240, 240, 240, 240, 240, 240, 240, 240, 240, 240, 240, 240, 240, 240, 240, 248, 248, 248, 184, 184, 184, 184, 184, 184, 184, 184, 184, 184, 184, 184, 248, 248, 240, 240, 240, 240, 232, 232, 232, 240, 240, 168, 168, 240, 240, 240, 240, 240, 240, 240, 240, 240, 240, 248, 184, 184, 248, 248, 248, 168, 199, 199, 199, 199, 199, 199, 199, 199, 199, 
199, 199, 199, 199, 199, 199, 199, 199, 184, 184, 184, 184, 184, 184, 184, 184, 184, 184, 184, 184, 184, 184, 184, 184, 184, 184, 248, 248, 248, 248, 240, 240, 240, 240, 240, 240, 240, 240, 240, 240, 240, 240, 240, 240, 248, 248, 248, 248, 248, 184, 184, 184, 184, 184, 184, 184, 184, 184, 184, 184, 184, 248, 248, 240, 240, 240, 240, 232, 232, 232, 240, 240, 168, 168, 240, 240, 240, 240, 240, 240, 240, 240, 240, 240, 248, 184, 176, 248, 248, 248, 176, 199, 199, 199, 199, 199, 199, 199, 199, 199, 
199, 199, 199, 199, 199, 199, 199, 199, 240, 240, 248, 248, 248, 184, 184, 184, 184, 184, 184, 184, 184, 184, 184, 184, 184, 184, 184, 184, 184, 248, 240, 240, 176, 176, 240, 240, 240, 240, 240, 240, 240, 240, 240, 240, 248, 248, 184, 184, 184, 184, 184, 184, 184, 184, 184, 184, 184, 184, 184, 184, 184, 184, 248, 240, 240, 240, 240, 232, 232, 232, 232, 232, 168, 168, 240, 240, 240, 240, 240, 240, 240, 240, 240, 240, 248, 176, 176, 248, 184, 184, 176, 199, 199, 199, 199, 199, 199, 199, 199, 199, 
199, 199, 199, 199, 199, 199, 199, 199, 176, 176, 248, 248, 248, 184, 184, 184, 184, 184, 184, 184, 184, 184, 184, 184, 184, 184, 184, 184, 248, 248, 240, 240, 176, 240, 240, 240, 240, 240, 240, 240, 240, 240, 240, 240, 248, 184, 184, 184, 184, 184, 184, 184, 184, 184, 184, 184, 184, 184, 184, 184, 184, 184, 248, 240, 240, 240, 240, 240, 232, 232, 240, 240, 240, 240, 240, 240, 240, 240, 240, 240, 240, 240, 240, 240, 248, 240, 176, 248, 184, 184, 176, 199, 199, 199, 199, 199, 199, 199, 199, 199, 
199, 199, 199, 199, 160, 168, 168, 168, 240, 240, 248, 248, 248, 184, 184, 184, 184, 184, 184, 184, 184, 184, 184, 184, 184, 184, 184, 184, 184, 248, 248, 248, 240, 240, 240, 240, 240, 240, 240, 240, 240, 240, 176, 184, 184, 184, 184, 184, 184, 184, 184, 184, 184, 184, 184, 184, 184, 184, 184, 184, 184, 184, 248, 240, 240, 240, 240, 240, 240, 232, 240, 240, 240, 240, 240, 240, 240, 240, 240, 240, 240, 240, 240, 240, 248, 248, 248, 184, 184, 184, 184, 168, 168, 168, 206, 199, 199, 199, 199, 199, 
199, 199, 199, 207, 184, 184, 176, 176, 240, 240, 248, 248, 248, 184, 176, 184, 184, 184, 184, 184, 184, 184, 184, 184, 184, 184, 184, 184, 184, 184, 248, 248, 240, 240, 248, 248, 248, 248, 240, 240, 240, 248, 176, 184, 184, 184, 184, 184, 184, 184, 184, 184, 184, 184, 184, 184, 184, 184, 184, 184, 184, 184, 248, 240, 240, 240, 240, 240, 240, 240, 240, 240, 240, 240, 240, 240, 240, 240, 240, 240, 240, 240, 240, 240, 248, 248, 248, 184, 184, 184, 184, 184, 184, 176, 214, 199, 199, 199, 199, 199, 
199, 199, 199, 207, 176, 184, 184, 248, 248, 184, 184, 184, 184, 184, 184, 176, 248, 248, 248, 248, 248, 248, 248, 248, 184, 184, 184, 184, 184, 184, 184, 248, 248, 184, 184, 184, 184, 248, 248, 248, 248, 248, 184, 184, 184, 184, 184, 184, 184, 184, 184, 184, 184, 184, 184, 184, 184, 184, 184, 184, 184, 248, 248, 240, 240, 240, 240, 240, 240, 240, 240, 240, 240, 240, 240, 240, 240, 240, 240, 240, 240, 240, 240, 240, 248, 248, 184, 184, 184, 184, 184, 248, 248, 248, 214, 199, 199, 199, 199, 199, 
199, 199, 199, 207, 176, 248, 184, 184, 184, 184, 184, 184, 176, 176, 184, 176, 240, 240, 240, 240, 240, 248, 176, 248, 184, 184, 184, 184, 184, 184, 184, 184, 248, 184, 184, 184, 184, 184, 184, 184, 184, 184, 248, 184, 184, 184, 184, 184, 184, 184, 184, 184, 184, 184, 184, 184, 184, 184, 184, 184, 248, 248, 248, 240, 240, 240, 240, 240, 240, 240, 240, 240, 240, 240, 240, 240, 240, 240, 240, 240, 240, 240, 240, 248, 248, 184, 184, 184, 184, 184, 184, 248, 248, 248, 214, 199, 199, 199, 199, 199, 
199, 199, 199, 207, 176, 184, 184, 184, 184, 184, 184, 240, 240, 240, 240, 240, 176, 240, 176, 176, 176, 176, 176, 176, 184, 184, 184, 184, 184, 184, 184, 184, 184, 184, 184, 184, 184, 184, 184, 184, 184, 184, 184, 248, 248, 248, 248, 184, 184, 184, 184, 184, 184, 184, 184, 184, 184, 184, 184, 184, 184, 248, 248, 248, 240, 240, 240, 240, 240, 240, 240, 240, 240, 240, 240, 240, 240, 240, 240, 240, 240, 240, 248, 248, 248, 184, 184, 184, 184, 184, 184, 248, 248, 248, 214, 199, 199, 199, 199, 199, 
199, 199, 199, 207, 176, 184, 184, 184, 248, 248, 248, 240, 240, 240, 240, 240, 168, 168, 176, 168, 176, 168, 176, 176, 248, 248, 184, 184, 184, 184, 184, 184, 184, 184, 184, 184, 184, 184, 184, 184, 184, 184, 184, 248, 248, 248, 248, 184, 184, 184, 184, 184, 184, 184, 184, 184, 184, 184, 184, 184, 184, 184, 248, 248, 248, 248, 248, 240, 240, 240, 240, 240, 240, 240, 240, 240, 240, 240, 240, 240, 240, 248, 248, 248, 248, 184, 184, 184, 184, 184, 184, 248, 240, 240, 214, 199, 199, 199, 199, 199, 
199, 199, 199, 207, 176, 248, 248, 184, 248, 248, 248, 240, 240, 240, 240, 232, 232, 168, 232, 168, 168, 168, 176, 240, 248, 248, 184, 184, 184, 184, 184, 184, 184, 184, 184, 184, 184, 184, 184, 184, 184, 184, 184, 248, 248, 248, 248, 184, 184, 184, 184, 184, 184, 184, 184, 184, 184, 184, 184, 184, 184, 184, 184, 248, 248, 248, 248, 240, 240, 240, 240, 240, 240, 240, 240, 240, 240, 240, 240, 240, 248, 248, 248, 248, 248, 248, 184, 184, 184, 184, 184, 248, 240, 248, 214, 199, 199, 199, 199, 199, 
199, 199, 199, 199, 176, 248, 248, 248, 248, 248, 248, 240, 240, 240, 240, 232, 232, 232, 232, 232, 232, 168, 176, 240, 248, 248, 184, 184, 184, 184, 184, 184, 184, 184, 184, 184, 184, 184, 184, 184, 184, 184, 184, 184, 184, 184, 184, 184, 184, 184, 184, 184, 184, 184, 184, 184, 184, 184, 184, 184, 184, 184, 184, 184, 184, 184, 184, 176, 176, 240, 240, 240, 240, 240, 240, 240, 240, 240, 240, 248, 248, 248, 184, 184, 184, 248, 248, 184, 184, 184, 184, 248, 240, 248, 156, 199, 199, 199, 199, 199, 
207, 215, 214, 221, 176, 176, 176, 248, 248, 248, 248, 240, 240, 240, 240, 240, 232, 232, 232, 232, 168, 168, 168, 240, 248, 248, 248, 184, 184, 184, 184, 184, 184, 184, 184, 184, 184, 184, 184, 184, 184, 184, 184, 184, 184, 184, 184, 184, 184, 184, 184, 184, 184, 184, 184, 184, 184, 184, 184, 184, 184, 184, 184, 184, 184, 184, 184, 176, 240, 240, 240, 240, 240, 240, 240, 240, 240, 240, 240, 248, 248, 184, 184, 184, 184, 248, 248, 184, 184, 184, 184, 248, 240, 248, 176, 163, 214, 215, 215, 199, 
232, 240, 240, 240, 240, 240, 240, 248, 248, 248, 240, 240, 176, 240, 240, 240, 232, 232, 232, 232, 232, 168, 168, 240, 248, 248, 248, 184, 184, 184, 184, 184, 184, 184, 184, 184, 184, 184, 184, 184, 184, 184, 184, 184, 184, 184, 184, 184, 184, 184, 184, 248, 248, 248, 248, 184, 184, 184, 184, 184, 184, 184, 184, 184, 184, 248, 248, 248, 248, 248, 248, 248, 248, 248, 248, 248, 184, 184, 184, 184, 184, 184, 184, 184, 184, 248, 248, 248, 248, 248, 248, 248, 240, 184, 184, 184, 184, 184, 176, 199, 
232, 240, 232, 240, 240, 240, 240, 240, 248, 248, 248, 240, 176, 240, 240, 240, 232, 232, 232, 232, 232, 168, 168, 240, 248, 248, 248, 184, 184, 184, 184, 184, 184, 184, 184, 184, 184, 184, 184, 184, 184, 184, 184, 184, 184, 184, 184, 184, 184, 184, 184, 248, 248, 248, 248, 248, 248, 248, 248, 248, 248, 248, 248, 248, 248, 248, 248, 248, 248, 248, 248, 248, 248, 248, 248, 248, 184, 184, 184, 184, 184, 184, 184, 184, 184, 248, 248, 248, 248, 248, 248, 248, 248, 184, 184, 184, 176, 176, 184, 199, 
232, 240, 240, 240, 240, 240, 240, 240, 248, 248, 240, 240, 240, 240, 240, 240, 232, 232, 232, 232, 232, 168, 176, 240, 240, 248, 184, 184, 184, 184, 184, 184, 184, 184, 184, 184, 184, 184, 184, 184, 184, 184, 184, 184, 184, 184, 184, 184, 184, 184, 248, 248, 240, 240, 240, 248, 240, 240, 240, 240, 240, 240, 240, 240, 240, 240, 240, 240, 248, 248, 176, 248, 248, 184, 184, 184, 184, 184, 184, 184, 184, 184, 184, 184, 184, 248, 248, 248, 248, 248, 184, 184, 184, 184, 184, 184, 184, 184, 184, 199, 
232, 240, 240, 240, 240, 240, 240, 240, 248, 248, 240, 176, 240, 240, 240, 240, 240, 240, 240, 240, 240, 240, 240, 240, 248, 248, 184, 184, 184, 184, 184, 184, 184, 184, 184, 184, 184, 184, 184, 184, 184, 184, 184, 184, 184, 184, 184, 184, 184, 184, 240, 240, 240, 240, 240, 240, 240, 240, 240, 240, 240, 240, 240, 240, 240, 240, 240, 240, 176, 176, 176, 176, 248, 184, 184, 184, 184, 184, 184, 184, 184, 184, 184, 184, 184, 248, 248, 176, 176, 176, 176, 176, 184, 184, 184, 184, 184, 184, 184, 199, 
240, 240, 240, 240, 240, 240, 240, 240, 240, 248, 248, 240, 240, 240, 240, 240, 240, 240, 240, 240, 240, 240, 240, 240, 248, 248, 184, 184, 184, 184, 184, 184, 184, 184, 184, 184, 184, 184, 184, 184, 184, 184, 184, 184, 184, 184, 184, 248, 248, 248, 240, 240, 240, 240, 240, 240, 240, 240, 240, 240, 240, 240, 240, 240, 240, 240, 240, 240, 240, 240, 176, 240, 248, 176, 248, 184, 184, 184, 184, 184, 184, 184, 184, 184, 184, 184, 184, 176, 176, 176, 176, 176, 184, 184, 184, 184, 184, 248, 248, 199, 
240, 240, 240, 240, 240, 240, 240, 240, 240, 248, 248, 240, 240, 240, 240, 240, 240, 240, 240, 240, 240, 240, 240, 240, 248, 248, 184, 184, 184, 184, 184, 184, 184, 184, 184, 184, 184, 184, 184, 184, 184, 184, 184, 184, 184, 184, 248, 248, 248, 248, 240, 240, 240, 240, 240, 240, 240, 240, 240, 240, 240, 240, 240, 240, 240, 240, 240, 240, 240, 240, 240, 240, 248, 240, 248, 184, 184, 184, 184, 184, 184, 184, 184, 184, 184, 184, 184, 176, 176, 176, 176, 176, 184, 184, 184, 184, 184, 248, 248, 199, 
176, 240, 240, 240, 240, 240, 240, 240, 240, 248, 248, 240, 240, 240, 240, 240, 240, 240, 240, 240, 240, 176, 176, 176, 184, 184, 184, 184, 184, 184, 184, 184, 184, 184, 184, 184, 184, 184, 184, 184, 184, 184, 184, 184, 184, 248, 248, 248, 248, 248, 240, 240, 240, 240, 240, 240, 240, 240, 240, 240, 240, 240, 240, 240, 240, 240, 240, 240, 240, 240, 240, 240, 248, 240, 248, 248, 184, 184, 184, 184, 184, 184, 184, 184, 184, 184, 184, 240, 240, 176, 176, 184, 184, 184, 184, 248, 248, 248, 248, 199, 
176, 240, 240, 240, 240, 240, 240, 240, 240, 248, 248, 248, 240, 240, 240, 240, 240, 248, 240, 240, 240, 240, 176, 248, 248, 184, 184, 184, 184, 184, 184, 184, 184, 184, 184, 184, 184, 184, 184, 184, 184, 184, 184, 184, 248, 248, 248, 240, 240, 240, 240, 240, 232, 168, 232, 232, 232, 232, 232, 232, 232, 232, 232, 232, 232, 232, 232, 232, 232, 232, 168, 240, 240, 240, 240, 240, 184, 184, 184, 184, 184, 184, 184, 184, 184, 184, 184, 240, 240, 240, 240, 184, 184, 184, 184, 248, 240, 248, 248, 199, 
240, 240, 240, 240, 240, 240, 240, 240, 248, 184, 184, 184, 184, 184, 184, 184, 248, 248, 248, 248, 248, 248, 184, 184, 184, 184, 184, 184, 184, 184, 184, 248, 248, 184, 184, 184, 184, 184, 184, 184, 184, 184, 184, 184, 248, 248, 240, 240, 240, 240, 240, 240, 168, 168, 168, 232, 232, 232, 232, 232, 232, 232, 232, 232, 232, 232, 232, 232, 232, 232, 232, 240, 240, 240, 240, 240, 248, 184, 184, 184, 184, 184, 184, 184, 184, 184, 184, 240, 240, 240, 240, 184, 184, 184, 184, 248, 240, 240, 240, 199, 
232, 240, 240, 240, 240, 240, 240, 240, 248, 184, 184, 184, 184, 184, 184, 184, 184, 248, 248, 248, 248, 248, 184, 184, 184, 184, 184, 184, 184, 184, 184, 248, 248, 184, 184, 184, 184, 184, 184, 184, 184, 184, 184, 184, 248, 248, 248, 240, 240, 240, 240, 176, 168, 168, 168, 232, 232, 232, 232, 232, 232, 232, 232, 232, 232, 232, 232, 232, 232, 232, 232, 240, 240, 240, 240, 248, 248, 184, 184, 184, 184, 184, 184, 184, 184, 184, 184, 240, 240, 240, 240, 184, 184, 184, 184, 240, 240, 240, 240, 199, 
232, 240, 240, 240, 240, 240, 240, 240, 240, 240, 240, 240, 248, 184, 184, 184, 184, 248, 184, 184, 184, 184, 184, 184, 184, 184, 184, 184, 184, 248, 248, 240, 240, 240, 176, 248, 248, 248, 184, 184, 184, 184, 184, 184, 184, 248, 240, 240, 240, 240, 240, 240, 232, 168, 232, 232, 232, 232, 232, 232, 232, 232, 232, 232, 232, 232, 232, 232, 232, 232, 232, 240, 240, 240, 240, 240, 248, 184, 184, 184, 184, 184, 184, 184, 184, 184, 184, 184, 184, 184, 184, 184, 184, 184, 184, 184, 176, 176, 184, 199, 
232, 240, 240, 240, 240, 240, 240, 240, 240, 240, 240, 240, 248, 184, 184, 184, 184, 184, 184, 184, 184, 184, 184, 184, 184, 184, 184, 248, 248, 240, 240, 240, 240, 240, 240, 240, 248, 248, 248, 184, 184, 184, 184, 184, 184, 184, 240, 240, 240, 240, 240, 240, 232, 232, 232, 232, 232, 232, 168, 232, 232, 232, 232, 232, 232, 232, 232, 232, 232, 232, 232, 240, 240, 240, 240, 240, 248, 184, 184, 184, 184, 184, 248, 248, 184, 184, 184, 184, 184, 184, 184, 184, 184, 184, 184, 184, 184, 184, 184, 199, 
232, 240, 240, 240, 240, 240, 240, 240, 240, 240, 240, 240, 248, 184, 184, 184, 184, 184, 184, 184, 184, 184, 184, 184, 184, 184, 184, 248, 248, 248, 240, 240, 240, 176, 176, 240, 248, 248, 248, 184, 184, 184, 184, 184, 184, 184, 240, 240, 240, 240, 240, 240, 232, 232, 232, 232, 232, 232, 232, 232, 232, 232, 232, 232, 232, 232, 232, 232, 232, 232, 232, 240, 240, 240, 240, 240, 248, 184, 184, 184, 184, 248, 248, 248, 184, 184, 184, 184, 184, 184, 248, 248, 248, 248, 248, 184, 184, 184, 184, 199, 
232, 240, 240, 240, 240, 240, 240, 240, 240, 240, 240, 240, 240, 184, 184, 184, 184, 184, 184, 184, 184, 184, 184, 184, 184, 184, 184, 248, 248, 248, 240, 240, 176, 176, 176, 240, 248, 248, 248, 184, 184, 184, 184, 184, 184, 248, 240, 240, 240, 240, 240, 240, 232, 232, 232, 232, 232, 232, 232, 232, 232, 232, 232, 232, 232, 232, 232, 232, 232, 232, 232, 240, 240, 240, 240, 240, 248, 184, 184, 184, 248, 248, 248, 248, 184, 184, 184, 184, 248, 248, 248, 248, 248, 248, 248, 248, 184, 184, 184, 199, 
232, 240, 240, 240, 240, 240, 240, 240, 240, 240, 240, 240, 240, 248, 184, 184, 184, 184, 184, 184, 184, 184, 184, 184, 184, 184, 184, 184, 248, 248, 248, 240, 240, 176, 176, 176, 248, 248, 248, 184, 184, 184, 184, 184, 184, 248, 240, 240, 240, 240, 240, 240, 232, 232, 232, 232, 232, 232, 232, 232, 232, 232, 232, 232, 232, 232, 232, 232, 232, 232, 232, 240, 240, 240, 240, 240, 248, 184, 184, 184, 184, 248, 248, 184, 184, 184, 184, 176, 240, 240, 240, 240, 240, 240, 240, 248, 184, 184, 184, 199, 
232, 240, 240, 240, 240, 240, 240, 240, 240, 240, 240, 240, 248, 248, 184, 184, 184, 184, 184, 184, 184, 184, 184, 184, 184, 184, 184, 184, 184, 248, 248, 248, 248, 240, 176, 184, 248, 248, 248, 184, 184, 184, 184, 184, 184, 248, 240, 240, 240, 240, 240, 240, 232, 232, 232, 232, 232, 232, 232, 232, 232, 232, 232, 232, 232, 232, 232, 232, 232, 232, 232, 240, 240, 240, 240, 240, 248, 184, 184, 184, 184, 184, 184, 184, 184, 248, 248, 240, 240, 240, 240, 240, 240, 240, 240, 240, 184, 184, 184, 199, 
232, 240, 240, 240, 240, 240, 240, 240, 240, 240, 240, 240, 240, 248, 184, 184, 184, 184, 184, 184, 184, 184, 184, 184, 184, 184, 184, 184, 184, 184, 248, 248, 248, 248, 184, 184, 184, 248, 184, 184, 184, 184, 184, 184, 184, 248, 240, 240, 240, 240, 240, 240, 232, 232, 232, 232, 232, 232, 232, 232, 232, 232, 232, 232, 232, 232, 232, 232, 232, 232, 232, 240, 240, 240, 240, 240, 248, 184, 184, 184, 184, 184, 184, 184, 248, 248, 240, 240, 240, 240, 240, 240, 240, 240, 240, 240, 184, 184, 184, 199, 
232, 240, 240, 240, 240, 240, 240, 240, 240, 240, 240, 240, 240, 248, 248, 248, 184, 184, 184, 184, 184, 184, 184, 184, 184, 184, 184, 184, 184, 184, 184, 248, 248, 248, 184, 184, 184, 184, 184, 184, 184, 184, 184, 184, 184, 248, 240, 240, 240, 240, 240, 240, 232, 232, 232, 232, 232, 232, 232, 232, 232, 232, 232, 232, 232, 232, 232, 232, 232, 232, 232, 240, 240, 240, 240, 240, 248, 184, 184, 184, 184, 184, 184, 184, 248, 248, 240, 240, 240, 240, 240, 240, 240, 240, 240, 240, 240, 184, 248, 199, 
232, 240, 240, 240, 240, 240, 240, 240, 240, 240, 240, 240, 240, 240, 248, 248, 184, 184, 184, 184, 184, 184, 184, 184, 184, 184, 184, 184, 184, 184, 184, 184, 184, 184, 184, 184, 184, 184, 184, 184, 184, 184, 184, 184, 184, 248, 240, 240, 240, 240, 240, 240, 232, 232, 232, 232, 232, 232, 232, 232, 232, 232, 232, 232, 232, 232, 232, 232, 232, 232, 232, 240, 240, 240, 240, 240, 248, 184, 184, 184, 184, 184, 184, 184, 248, 248, 240, 240, 240, 240, 240, 240, 240, 240, 240, 240, 248, 184, 248, 199, 
240, 240, 240, 240, 240, 240, 240, 240, 240, 240, 240, 240, 240, 240, 240, 240, 248, 184, 184, 184, 184, 184, 184, 184, 184, 184, 184, 184, 184, 184, 184, 184, 184, 184, 184, 184, 248, 248, 248, 184, 184, 184, 184, 184, 184, 248, 240, 240, 240, 240, 240, 240, 232, 168, 232, 232, 232, 232, 232, 232, 232, 232, 232, 232, 168, 232, 232, 232, 232, 168, 232, 240, 240, 240, 240, 240, 248, 184, 184, 184, 184, 184, 184, 184, 248, 248, 240, 240, 240, 240, 240, 240, 240, 240, 240, 240, 248, 184, 184, 199, 
240, 240, 240, 240, 240, 240, 240, 240, 240, 240, 240, 240, 240, 240, 240, 240, 248, 184, 184, 184, 184, 184, 184, 184, 184, 184, 184, 184, 184, 184, 184, 184, 184, 184, 184, 184, 248, 248, 248, 184, 184, 184, 184, 184, 184, 248, 240, 240, 240, 240, 240, 240, 232, 232, 232, 232, 232, 232, 232, 232, 232, 232, 232, 232, 232, 232, 232, 232, 232, 168, 232, 240, 240, 240, 240, 240, 248, 184, 184, 184, 184, 184, 184, 184, 248, 248, 240, 240, 240, 240, 240, 240, 240, 240, 240, 240, 248, 248, 248, 199, 
232, 240, 240, 240, 240, 240, 240, 240, 240, 240, 240, 240, 240, 240, 240, 240, 248, 184, 184, 184, 184, 184, 184, 184, 184, 184, 184, 184, 184, 184, 184, 184, 184, 184, 184, 184, 248, 248, 248, 248, 184, 184, 184, 184, 184, 248, 240, 240, 240, 240, 240, 240, 232, 232, 232, 232, 232, 232, 232, 232, 232, 168, 168, 232, 232, 232, 232, 232, 232, 168, 232, 240, 240, 240, 240, 240, 248, 184, 184, 184, 184, 184, 184, 184, 248, 248, 240, 240, 240, 240, 240, 240, 240, 240, 240, 240, 176, 176, 176, 199, 
240, 240, 240, 240, 240, 240, 240, 240, 240, 240, 240, 240, 240, 240, 240, 240, 248, 184, 184, 184, 184, 184, 184, 184, 184, 184, 184, 184, 184, 184, 184, 184, 184, 184, 184, 184, 248, 248, 248, 184, 184, 184, 184, 184, 184, 248, 240, 240, 240, 240, 240, 240, 232, 168, 232, 232, 232, 232, 232, 240, 240, 240, 232, 232, 232, 232, 232, 232, 232, 232, 240, 240, 240, 240, 240, 240, 248, 184, 184, 184, 184, 184, 184, 184, 248, 248, 248, 240, 240, 240, 240, 240, 240, 240, 240, 240, 248, 184, 248, 199, 
232, 240, 240, 240, 232, 240, 240, 240, 240, 240, 240, 240, 240, 240, 240, 240, 248, 184, 184, 184, 184, 184, 184, 184, 184, 184, 184, 184, 184, 184, 184, 184, 184, 184, 184, 184, 184, 184, 184, 184, 184, 184, 184, 184, 184, 248, 240, 240, 240, 240, 240, 240, 232, 232, 232, 232, 232, 232, 232, 240, 240, 240, 240, 240, 232, 232, 240, 240, 240, 240, 240, 240, 240, 240, 240, 248, 248, 184, 184, 184, 184, 184, 184, 184, 184, 248, 184, 176, 240, 240, 240, 248, 248, 240, 240, 176, 184, 184, 184, 199, 
232, 240, 240, 240, 168, 168, 232, 240, 240, 240, 240, 240, 240, 240, 240, 240, 248, 184, 184, 184, 184, 184, 184, 184, 184, 184, 184, 184, 184, 184, 184, 184, 184, 184, 184, 184, 184, 184, 184, 184, 184, 184, 184, 184, 184, 248, 240, 240, 240, 240, 240, 232, 232, 168, 168, 232, 232, 232, 232, 240, 240, 240, 240, 240, 168, 168, 232, 240, 240, 240, 240, 240, 240, 240, 240, 240, 248, 184, 184, 184, 184, 184, 184, 184, 184, 184, 184, 176, 240, 248, 248, 248, 248, 248, 248, 248, 184, 184, 176, 199, 
240, 240, 240, 240, 232, 232, 232, 240, 240, 240, 240, 240, 240, 240, 240, 240, 248, 184, 184, 184, 184, 184, 184, 184, 184, 184, 184, 184, 184, 184, 184, 184, 184, 184, 184, 184, 184, 184, 184, 184, 184, 184, 184, 184, 184, 248, 248, 240, 240, 240, 240, 240, 232, 168, 232, 232, 232, 232, 232, 240, 240, 240, 240, 240, 168, 168, 232, 240, 240, 240, 240, 240, 240, 240, 240, 240, 248, 184, 184, 184, 184, 184, 184, 184, 184, 184, 184, 176, 176, 184, 184, 184, 184, 184, 248, 184, 184, 184, 184, 199, 
160, 168, 168, 168, 232, 240, 232, 240, 240, 240, 240, 240, 240, 240, 240, 240, 248, 184, 184, 184, 184, 184, 184, 184, 184, 184, 184, 184, 184, 184, 184, 184, 184, 184, 184, 184, 184, 184, 184, 184, 184, 184, 184, 184, 184, 248, 248, 240, 240, 240, 240, 240, 240, 232, 232, 240, 232, 232, 232, 240, 240, 240, 240, 240, 232, 232, 240, 240, 240, 240, 240, 240, 240, 240, 240, 240, 248, 184, 184, 184, 184, 184, 184, 248, 184, 184, 184, 184, 184, 184, 184, 184, 184, 184, 184, 168, 168, 168, 168, 199, 
205, 205, 205, 212, 240, 240, 240, 240, 240, 240, 240, 240, 240, 240, 240, 240, 240, 240, 240, 240, 240, 240, 240, 240, 248, 248, 248, 184, 184, 184, 184, 184, 184, 184, 184, 184, 184, 184, 184, 184, 184, 184, 184, 184, 184, 184, 248, 248, 240, 240, 240, 240, 240, 240, 240, 240, 240, 240, 240, 240, 240, 240, 240, 240, 240, 240, 240, 240, 240, 240, 240, 240, 240, 248, 248, 248, 184, 184, 184, 184, 184, 184, 184, 184, 184, 184, 184, 176, 184, 248, 248, 248, 184, 184, 176, 154, 141, 141, 141, 199, 
199, 199, 199, 199, 240, 240, 240, 240, 240, 240, 240, 240, 240, 240, 240, 240, 240, 240, 240, 240, 240, 240, 240, 240, 248, 248, 248, 184, 184, 184, 184, 184, 184, 184, 184, 184, 184, 184, 184, 184, 184, 184, 184, 184, 184, 184, 248, 248, 248, 248, 240, 240, 240, 240, 240, 240, 240, 240, 240, 240, 240, 240, 240, 240, 240, 240, 240, 240, 240, 240, 240, 240, 248, 248, 184, 184, 184, 184, 184, 184, 184, 184, 184, 184, 184, 184, 248, 176, 240, 240, 240, 248, 184, 184, 168, 141, 199, 199, 199, 199, 
199, 199, 199, 207, 176, 240, 240, 240, 240, 240, 240, 240, 240, 240, 240, 240, 240, 240, 240, 240, 240, 240, 240, 240, 248, 248, 248, 248, 184, 184, 184, 184, 184, 184, 184, 184, 184, 184, 184, 184, 184, 184, 184, 184, 184, 184, 184, 248, 248, 248, 240, 240, 240, 240, 240, 240, 240, 240, 240, 240, 240, 240, 240, 240, 240, 240, 240, 240, 240, 240, 240, 240, 248, 248, 184, 184, 184, 184, 248, 248, 248, 184, 184, 184, 184, 184, 184, 184, 248, 248, 176, 248, 184, 184, 168, 141, 199, 199, 199, 199, 
199, 199, 199, 207, 176, 240, 240, 240, 240, 240, 240, 240, 240, 240, 240, 240, 240, 240, 240, 240, 240, 240, 240, 240, 240, 240, 240, 248, 248, 248, 184, 184, 184, 184, 184, 184, 184, 184, 184, 184, 184, 184, 184, 184, 184, 184, 184, 184, 184, 248, 248, 176, 240, 176, 176, 176, 176, 176, 176, 176, 176, 240, 240, 240, 240, 240, 240, 240, 240, 240, 176, 176, 184, 184, 184, 184, 184, 248, 248, 248, 248, 240, 248, 248, 184, 184, 184, 184, 248, 248, 248, 184, 184, 184, 168, 140, 199, 199, 199, 199, 
199, 199, 199, 207, 176, 240, 240, 240, 240, 240, 240, 240, 240, 240, 240, 240, 240, 240, 240, 240, 240, 240, 240, 240, 240, 240, 240, 240, 248, 248, 184, 184, 184, 184, 184, 184, 184, 184, 184, 184, 184, 184, 184, 184, 184, 184, 184, 184, 184, 184, 248, 248, 248, 248, 240, 240, 240, 240, 240, 240, 240, 240, 240, 240, 240, 240, 240, 240, 248, 240, 184, 184, 184, 184, 184, 184, 184, 248, 240, 240, 176, 176, 240, 248, 248, 184, 184, 176, 176, 184, 248, 184, 184, 184, 168, 148, 199, 199, 199, 199, 
199, 199, 199, 207, 176, 240, 240, 240, 240, 240, 240, 240, 240, 240, 240, 240, 240, 240, 240, 240, 240, 240, 240, 240, 240, 240, 240, 240, 240, 248, 248, 248, 248, 248, 248, 248, 248, 248, 184, 184, 184, 184, 184, 184, 184, 184, 184, 184, 184, 184, 184, 184, 184, 184, 184, 184, 184, 184, 184, 184, 184, 184, 184, 184, 184, 184, 184, 184, 184, 184, 184, 184, 184, 184, 184, 184, 184, 248, 240, 240, 240, 240, 240, 240, 248, 184, 184, 184, 176, 184, 184, 184, 184, 184, 168, 148, 199, 199, 199, 199, 
199, 199, 199, 207, 240, 240, 240, 240, 240, 240, 240, 240, 240, 240, 240, 240, 240, 240, 240, 240, 240, 240, 240, 240, 240, 240, 240, 240, 248, 248, 248, 248, 248, 248, 248, 248, 248, 248, 248, 184, 184, 184, 184, 184, 184, 184, 184, 184, 184, 184, 184, 184, 184, 184, 184, 184, 184, 184, 184, 184, 184, 184, 184, 184, 184, 184, 184, 184, 184, 184, 184, 184, 184, 184, 184, 184, 184, 248, 240, 240, 240, 240, 240, 240, 248, 184, 184, 184, 176, 248, 248, 176, 184, 248, 168, 149, 199, 199, 199, 199, 
199, 199, 199, 199, 163, 163, 162, 226, 240, 240, 240, 240, 240, 240, 240, 240, 240, 240, 240, 240, 240, 240, 240, 240, 240, 240, 240, 240, 240, 240, 240, 240, 240, 240, 240, 240, 240, 240, 240, 248, 248, 248, 184, 184, 184, 184, 184, 184, 184, 184, 184, 184, 184, 184, 184, 248, 248, 248, 248, 248, 248, 248, 248, 248, 248, 248, 248, 184, 184, 184, 184, 184, 184, 184, 184, 184, 184, 248, 248, 240, 240, 240, 240, 240, 248, 184, 184, 184, 176, 184, 184, 169, 171, 172, 162, 142, 199, 199, 199, 199, 
199, 199, 199, 199, 199, 199, 199, 199, 240, 240, 240, 240, 240, 240, 232, 232, 232, 240, 232, 240, 240, 240, 240, 240, 240, 240, 240, 240, 240, 240, 240, 240, 240, 240, 240, 240, 240, 240, 240, 240, 248, 248, 184, 184, 184, 184, 184, 184, 184, 184, 184, 184, 184, 184, 184, 248, 248, 248, 248, 184, 184, 248, 248, 248, 248, 248, 184, 184, 184, 184, 184, 184, 184, 184, 184, 184, 184, 248, 248, 248, 240, 240, 240, 248, 248, 184, 184, 184, 184, 184, 168, 199, 199, 199, 199, 199, 199, 199, 199, 199, 
199, 199, 199, 199, 199, 199, 199, 199, 240, 240, 240, 240, 240, 168, 232, 232, 232, 232, 232, 240, 240, 240, 240, 240, 240, 240, 240, 240, 240, 240, 240, 240, 240, 240, 240, 240, 240, 240, 240, 240, 248, 248, 248, 248, 248, 248, 248, 248, 248, 248, 184, 184, 184, 184, 184, 184, 184, 184, 184, 184, 184, 184, 184, 184, 184, 184, 184, 184, 248, 248, 184, 184, 184, 184, 184, 184, 184, 248, 248, 248, 248, 248, 248, 184, 184, 248, 176, 248, 184, 184, 176, 199, 199, 199, 199, 199, 199, 199, 199, 199, 
199, 199, 199, 199, 199, 199, 199, 199, 240, 240, 240, 240, 168, 240, 240, 232, 232, 168, 232, 240, 240, 240, 240, 240, 240, 240, 240, 240, 240, 240, 240, 240, 240, 240, 240, 240, 240, 240, 240, 240, 248, 248, 248, 248, 248, 248, 248, 248, 248, 248, 248, 184, 184, 184, 184, 184, 184, 184, 184, 184, 184, 184, 184, 184, 184, 184, 184, 184, 248, 248, 184, 184, 184, 184, 184, 184, 184, 248, 248, 248, 248, 248, 248, 184, 184, 184, 176, 184, 184, 184, 168, 199, 199, 199, 199, 199, 199, 199, 199, 199, 
199, 199, 199, 199, 199, 199, 199, 199, 240, 240, 240, 240, 168, 232, 232, 168, 168, 232, 232, 240, 240, 240, 240, 240, 240, 240, 240, 240, 240, 240, 240, 240, 240, 240, 240, 240, 240, 240, 240, 240, 240, 240, 240, 240, 240, 240, 240, 240, 240, 240, 248, 184, 184, 184, 184, 184, 184, 184, 184, 184, 184, 184, 184, 184, 184, 184, 184, 184, 248, 248, 248, 248, 184, 184, 184, 184, 184, 184, 184, 184, 184, 184, 184, 184, 184, 248, 184, 184, 184, 184, 176, 199, 199, 199, 199, 199, 199, 199, 199, 199, 
199, 199, 199, 199, 199, 199, 199, 199, 240, 176, 240, 240, 168, 240, 232, 232, 232, 232, 232, 240, 240, 240, 240, 240, 240, 240, 240, 240, 240, 240, 240, 240, 240, 240, 240, 240, 240, 240, 240, 240, 240, 240, 240, 240, 240, 240, 240, 240, 240, 240, 176, 184, 184, 184, 184, 184, 184, 184, 184, 184, 184, 184, 184, 184, 184, 184, 184, 184, 248, 248, 248, 248, 184, 184, 184, 184, 184, 184, 184, 184, 184, 184, 184, 184, 184, 248, 184, 184, 184, 184, 168, 199, 199, 199, 199, 199, 199, 199, 199, 199, 
199, 199, 199, 199, 199, 199, 199, 199, 240, 176, 240, 232, 168, 232, 232, 232, 232, 232, 232, 240, 240, 240, 240, 240, 240, 240, 240, 240, 240, 240, 240, 240, 240, 240, 240, 240, 240, 240, 240, 240, 240, 240, 240, 240, 240, 240, 240, 240, 240, 240, 240, 184, 184, 248, 248, 184, 248, 184, 248, 184, 184, 184, 184, 184, 184, 184, 184, 184, 248, 248, 248, 184, 184, 184, 184, 184, 184, 184, 184, 184, 184, 184, 184, 184, 184, 184, 184, 184, 176, 184, 176, 199, 199, 199, 199, 199, 199, 199, 199, 199, 
199, 199, 199, 199, 199, 199, 199, 199, 176, 240, 240, 232, 168, 232, 232, 168, 168, 232, 232, 240, 240, 240, 240, 240, 240, 240, 240, 240, 240, 240, 240, 240, 240, 240, 240, 240, 240, 240, 240, 240, 240, 240, 240, 240, 240, 240, 240, 240, 240, 240, 240, 184, 184, 248, 248, 248, 184, 184, 248, 184, 184, 184, 184, 184, 184, 184, 184, 184, 248, 248, 248, 184, 184, 184, 184, 184, 184, 184, 184, 184, 184, 184, 184, 184, 184, 184, 184, 184, 176, 184, 168, 207, 199, 199, 199, 199, 199, 199, 199, 199, 
199, 199, 199, 199, 199, 199, 199, 199, 207, 206, 206, 227, 232, 240, 240, 240, 240, 240, 240, 240, 240, 240, 240, 240, 240, 240, 240, 240, 240, 240, 240, 240, 240, 240, 240, 240, 240, 240, 240, 240, 240, 240, 240, 240, 240, 240, 240, 240, 240, 240, 240, 240, 240, 240, 240, 240, 240, 240, 240, 240, 240, 240, 240, 240, 240, 240, 240, 240, 184, 184, 184, 184, 184, 184, 184, 184, 184, 248, 248, 248, 184, 184, 184, 184, 184, 176, 176, 215, 214, 214, 206, 199, 199, 199, 199, 199, 199, 199, 199, 199, 
199, 199, 199, 199, 199, 199, 199, 199, 199, 199, 199, 220, 232, 240, 240, 240, 240, 240, 240, 240, 240, 240, 240, 240, 240, 240, 240, 240, 240, 240, 240, 240, 240, 240, 240, 240, 240, 240, 240, 240, 232, 232, 232, 232, 232, 232, 232, 232, 232, 232, 240, 240, 240, 240, 240, 240, 240, 240, 240, 240, 240, 240, 240, 240, 240, 240, 240, 240, 184, 184, 184, 184, 184, 184, 184, 184, 184, 248, 248, 248, 248, 184, 184, 184, 184, 176, 168, 199, 199, 199, 199, 199, 199, 199, 199, 199, 199, 199, 199, 199, 
199, 199, 199, 199, 199, 199, 199, 199, 199, 199, 199, 155, 240, 240, 240, 240, 240, 240, 240, 240, 240, 240, 240, 240, 240, 240, 240, 240, 240, 240, 240, 240, 240, 240, 240, 240, 240, 240, 240, 232, 168, 168, 168, 168, 168, 232, 232, 232, 232, 232, 232, 240, 240, 240, 240, 240, 240, 240, 240, 240, 240, 240, 240, 240, 240, 240, 240, 240, 184, 184, 184, 248, 248, 248, 248, 248, 248, 184, 184, 176, 176, 184, 184, 184, 248, 176, 169, 199, 199, 199, 199, 199, 199, 199, 199, 199, 199, 199, 199, 199, 
199, 199, 199, 199, 199, 199, 199, 199, 199, 199, 199, 162, 168, 240, 176, 240, 240, 232, 240, 240, 240, 240, 240, 240, 240, 240, 240, 240, 240, 240, 240, 240, 240, 240, 240, 240, 240, 240, 240, 232, 168, 168, 168, 168, 176, 240, 232, 232, 232, 232, 232, 240, 240, 240, 240, 240, 240, 240, 240, 240, 240, 240, 240, 240, 240, 240, 240, 240, 184, 184, 184, 248, 248, 248, 248, 248, 248, 184, 184, 176, 176, 184, 176, 184, 184, 176, 168, 199, 199, 199, 199, 199, 199, 199, 199, 199, 199, 199, 199, 199, 
199, 199, 199, 199, 199, 199, 199, 199, 199, 199, 199, 141, 220, 220, 220, 226, 240, 240, 240, 240, 240, 240, 240, 240, 240, 240, 240, 240, 240, 240, 240, 240, 240, 240, 240, 240, 240, 240, 240, 232, 168, 168, 168, 168, 168, 232, 232, 232, 232, 232, 232, 240, 240, 240, 240, 240, 240, 240, 240, 240, 240, 240, 240, 240, 240, 240, 240, 240, 176, 176, 240, 240, 240, 240, 240, 240, 248, 248, 248, 176, 176, 240, 232, 219, 220, 157, 149, 199, 199, 199, 199, 199, 199, 199, 199, 199, 199, 199, 199, 199, 
199, 199, 199, 199, 199, 199, 199, 199, 199, 199, 199, 199, 199, 199, 199, 213, 240, 240, 240, 240, 240, 240, 240, 240, 240, 240, 240, 240, 240, 240, 240, 240, 240, 240, 240, 240, 232, 232, 232, 232, 168, 168, 168, 168, 168, 232, 232, 232, 232, 232, 232, 168, 232, 232, 240, 240, 240, 240, 240, 240, 240, 240, 240, 240, 240, 240, 240, 240, 240, 240, 240, 240, 176, 176, 176, 176, 240, 240, 240, 240, 240, 176, 220, 199, 199, 199, 199, 199, 199, 199, 199, 199, 199, 199, 199, 199, 199, 199, 199, 199, 
199, 199, 199, 199, 199, 199, 199, 199, 199, 199, 199, 199, 199, 199, 199, 221, 240, 232, 240, 240, 240, 240, 240, 240, 240, 240, 240, 240, 240, 240, 240, 240, 240, 240, 240, 240, 232, 232, 232, 232, 168, 168, 168, 168, 232, 232, 232, 232, 232, 232, 232, 168, 168, 168, 232, 240, 240, 240, 240, 240, 240, 240, 240, 240, 240, 240, 240, 240, 240, 240, 240, 240, 240, 240, 240, 240, 240, 240, 240, 240, 240, 176, 228, 199, 199, 199, 199, 199, 199, 199, 199, 199, 199, 199, 199, 199, 199, 199, 199, 199, 
199, 199, 199, 199, 199, 199, 199, 199, 199, 199, 199, 199, 199, 199, 199, 222, 240, 240, 240, 240, 240, 240, 240, 240, 240, 240, 240, 240, 240, 240, 240, 240, 240, 240, 240, 240, 232, 232, 232, 232, 232, 232, 232, 232, 232, 232, 232, 232, 232, 232, 232, 176, 168, 168, 168, 240, 240, 240, 240, 240, 240, 240, 240, 240, 240, 240, 240, 240, 240, 240, 240, 240, 240, 240, 240, 240, 240, 240, 240, 240, 240, 176, 228, 199, 199, 199, 199, 199, 199, 199, 199, 199, 199, 199, 199, 199, 199, 199, 199, 199, 
199, 199, 199, 199, 199, 199, 199, 199, 199, 199, 199, 199, 199, 199, 199, 214, 162, 161, 160, 232, 240, 240, 240, 240, 240, 240, 240, 240, 240, 240, 240, 240, 240, 240, 240, 240, 232, 232, 232, 232, 232, 232, 232, 232, 232, 232, 232, 232, 232, 232, 232, 240, 176, 168, 232, 240, 240, 240, 240, 240, 240, 240, 240, 240, 240, 240, 240, 240, 240, 240, 240, 240, 240, 240, 240, 240, 240, 240, 232, 232, 160, 160, 148, 199, 199, 199, 199, 199, 199, 199, 199, 199, 199, 199, 199, 199, 199, 199, 199, 199, 
199, 199, 199, 199, 199, 199, 199, 199, 199, 199, 199, 199, 199, 199, 199, 199, 199, 199, 199, 199, 240, 240, 240, 240, 240, 240, 240, 240, 240, 240, 240, 240, 240, 240, 240, 240, 232, 232, 232, 232, 232, 232, 232, 232, 232, 232, 232, 232, 232, 232, 232, 232, 232, 232, 240, 240, 240, 240, 240, 240, 240, 240, 240, 240, 240, 240, 240, 240, 168, 168, 232, 240, 240, 240, 240, 232, 240, 240, 214, 199, 199, 199, 199, 199, 199, 199, 199, 199, 199, 199, 199, 199, 199, 199, 199, 199, 199, 199, 199, 199, 
199, 199, 199, 199, 199, 199, 199, 199, 199, 199, 199, 199, 199, 199, 199, 199, 199, 199, 199, 207, 240, 240, 240, 240, 240, 240, 240, 240, 240, 240, 240, 240, 240, 240, 240, 240, 232, 232, 232, 232, 232, 232, 232, 232, 232, 232, 232, 232, 232, 232, 232, 232, 232, 232, 232, 240, 240, 240, 240, 240, 240, 240, 240, 240, 240, 240, 240, 232, 168, 168, 232, 240, 240, 240, 240, 240, 232, 240, 214, 199, 199, 199, 199, 199, 199, 199, 199, 199, 199, 199, 199, 199, 199, 199, 199, 199, 199, 199, 199, 199, 
199, 199, 199, 199, 199, 199, 199, 199, 199, 199, 199, 199, 199, 199, 199, 199, 199, 199, 199, 207, 177, 176, 240, 240, 240, 240, 240, 240, 240, 240, 240, 240, 240, 240, 240, 240, 232, 232, 240, 232, 240, 232, 232, 232, 232, 232, 232, 232, 232, 232, 232, 232, 232, 232, 232, 240, 240, 240, 240, 240, 240, 240, 240, 240, 240, 240, 240, 232, 168, 168, 168, 240, 240, 240, 240, 240, 176, 176, 214, 199, 199, 199, 199, 199, 199, 199, 199, 199, 199, 199, 199, 199, 199, 199, 199, 199, 199, 199, 199, 199, 
199, 199, 199, 199, 199, 199, 199, 199, 199, 199, 199, 199, 199, 199, 199, 199, 199, 199, 199, 207, 160, 168, 168, 168, 160, 168, 168, 240, 240, 240, 240, 240, 240, 240, 240, 232, 232, 232, 240, 232, 232, 168, 232, 232, 232, 232, 232, 232, 232, 232, 232, 232, 232, 232, 232, 240, 240, 240, 240, 240, 240, 240, 240, 240, 240, 240, 240, 232, 168, 168, 240, 168, 168, 168, 168, 168, 168, 168, 213, 199, 199, 199, 199, 199, 199, 199, 199, 199, 199, 199, 199, 199, 199, 199, 199, 199, 199, 199, 199, 199, 
199, 199, 199, 199, 199, 199, 199, 199, 199, 199, 199, 199, 199, 199, 199, 199, 199, 199, 199, 199, 199, 199, 199, 199, 199, 199, 199, 161, 176, 240, 240, 240, 232, 232, 232, 232, 168, 232, 168, 168, 168, 232, 232, 232, 232, 232, 232, 232, 232, 232, 232, 232, 232, 232, 232, 240, 240, 240, 240, 240, 240, 240, 240, 240, 240, 240, 240, 240, 240, 240, 232, 199, 199, 199, 199, 199, 199, 199, 199, 199, 199, 199, 199, 199, 199, 199, 199, 199, 199, 199, 199, 199, 199, 199, 199, 199, 199, 199, 199, 199, 
199, 199, 199, 199, 199, 199, 199, 199, 199, 199, 199, 199, 199, 199, 199, 199, 199, 199, 199, 199, 199, 199, 199, 199, 199, 199, 199, 162, 176, 240, 232, 240, 240, 240, 240, 232, 232, 232, 168, 232, 232, 240, 232, 232, 232, 232, 232, 232, 232, 232, 232, 232, 232, 232, 232, 240, 240, 240, 240, 240, 240, 240, 240, 240, 240, 232, 240, 240, 232, 232, 234, 199, 199, 199, 199, 199, 199, 199, 199, 199, 199, 199, 199, 199, 199, 199, 199, 199, 199, 199, 199, 199, 199, 199, 199, 199, 199, 199, 199, 199, 
199, 199, 199, 199, 199, 199, 199, 199, 199, 199, 199, 199, 199, 199, 199, 199, 199, 199, 199, 199, 199, 199, 199, 199, 199, 199, 199, 162, 176, 240, 240, 240, 240, 240, 240, 168, 168, 168, 168, 240, 168, 232, 232, 232, 232, 232, 232, 232, 232, 232, 232, 168, 232, 232, 232, 240, 240, 240, 240, 240, 240, 240, 240, 240, 240, 241, 242, 240, 240, 240, 241, 199, 199, 199, 199, 199, 199, 199, 199, 199, 199, 199, 199, 199, 199, 199, 199, 199, 199, 199, 199, 199, 199, 199, 199, 199, 199, 199, 199, 199, 
199, 199, 199, 199, 199, 199, 199, 199, 199, 199, 199, 199, 199, 199, 199, 199, 199, 199, 199, 199, 199, 199, 199, 199, 199, 199, 199, 207, 207, 215, 207, 207, 207, 207, 207, 213, 168, 168, 240, 240, 168, 168, 232, 232, 232, 232, 232, 232, 232, 232, 232, 232, 240, 232, 232, 240, 240, 240, 240, 240, 240, 240, 168, 220, 207, 207, 207, 207, 215, 207, 207, 199, 199, 199, 199, 199, 199, 199, 199, 199, 199, 199, 199, 199, 199, 199, 199, 199, 199, 199, 199, 199, 199, 199, 199, 199, 199, 199, 199, 199, 
199, 199, 199, 199, 199, 199, 199, 199, 199, 199, 199, 199, 199, 199, 199, 199, 199, 199, 199, 199, 199, 199, 199, 199, 199, 199, 199, 199, 199, 199, 199, 199, 199, 199, 199, 207, 240, 240, 240, 176, 168, 240, 232, 232, 232, 232, 232, 232, 232, 232, 232, 240, 240, 240, 240, 240, 240, 240, 240, 240, 240, 240, 168, 205, 199, 199, 199, 199, 199, 199, 199, 199, 199, 199, 199, 199, 199, 199, 199, 199, 199, 199, 199, 199, 199, 199, 199, 199, 199, 199, 199, 199, 199, 199, 199, 199, 199, 199, 199, 199, 
199, 199, 199, 199, 199, 199, 199, 199, 199, 199, 199, 199, 199, 199, 199, 199, 199, 199, 199, 199, 199, 199, 199, 199, 199, 199, 199, 199, 199, 199, 199, 199, 199, 199, 199, 207, 240, 240, 240, 176, 176, 240, 240, 232, 232, 232, 232, 232, 232, 232, 240, 240, 240, 240, 240, 240, 240, 240, 240, 240, 240, 240, 168, 141, 199, 199, 199, 199, 199, 199, 199, 199, 199, 199, 199, 199, 199, 199, 199, 199, 199, 199, 199, 199, 199, 199, 199, 199, 199, 199, 199, 199, 199, 199, 199, 199, 199, 199, 199, 199, 
199, 199, 199, 199, 199, 199, 199, 199, 199, 199, 199, 199, 199, 199, 199, 199, 199, 199, 199, 199, 199, 199, 199, 199, 199, 199, 199, 199, 199, 199, 199, 199, 199, 199, 199, 207, 240, 240, 240, 168, 168, 168, 168, 168, 168, 168, 168, 168, 168, 168, 168, 176, 176, 240, 240, 240, 240, 240, 240, 240, 240, 240, 160, 141, 199, 199, 199, 199, 199, 199, 199, 199, 199, 199, 199, 199, 199, 199, 199, 199, 199, 199, 199, 199, 199, 199, 199, 199, 199, 199, 199, 199, 199, 199, 199, 199, 199, 199, 199, 199, 
199, 199, 199, 199, 199, 199, 199, 199, 199, 199, 199, 199, 199, 199, 199, 199, 199, 199, 199, 199, 199, 199, 199, 199, 199, 199, 199, 199, 199, 199, 199, 199, 199, 199, 199, 207, 169, 242, 169, 168, 168, 168, 168, 168, 168, 168, 168, 168, 168, 168, 168, 168, 168, 176, 176, 176, 176, 176, 176, 168, 178, 170, 161, 141, 199, 199, 199, 199, 199, 199, 199, 199, 199, 199, 199, 199, 199, 199, 199, 199, 199, 199, 199, 199, 199, 199, 199, 199, 199, 199, 199, 199, 199, 199, 199, 199, 199, 199, 199, 199, 
